-1.000000000000000000e+00 1.530000000000000000e+02 5.100000000000000000e+02 7.060000000000000000e+02 9.660000000000000000e+02 5.810000000000000000e+02 4.550000000000000000e+02 7.000000000000000000e+01 1.600000000000000000e+02 3.720000000000000000e+02 1.570000000000000000e+02 5.670000000000000000e+02 3.420000000000000000e+02 3.980000000000000000e+02
1.530000000000000000e+02 -1.000000000000000000e+00 4.220000000000000000e+02 6.640000000000000000e+02 9.970000000000000000e+02 5.980000000000000000e+02 5.070000000000000000e+02 1.970000000000000000e+02 3.110000000000000000e+02 4.790000000000000000e+02 3.100000000000000000e+02 5.810000000000000000e+02 4.170000000000000000e+02 3.760000000000000000e+02
5.100000000000000000e+02 4.220000000000000000e+02 -1.000000000000000000e+00 2.890000000000000000e+02 7.440000000000000000e+02 3.900000000000000000e+02 4.370000000000000000e+02 4.910000000000000000e+02 6.450000000000000000e+02 8.800000000000000000e+02 6.180000000000000000e+02 3.740000000000000000e+02 4.550000000000000000e+02 2.110000000000000000e+02
7.060000000000000000e+02 6.640000000000000000e+02 2.890000000000000000e+02 -1.000000000000000000e+00 4.910000000000000000e+02 2.650000000000000000e+02 4.100000000000000000e+02 6.640000000000000000e+02 8.040000000000000000e+02 1.070000000000000000e+03 7.680000000000000000e+02 2.590000000000000000e+02 4.990000000000000000e+02 3.100000000000000000e+02
9.660000000000000000e+02 9.970000000000000000e+02 7.440000000000000000e+02 4.910000000000000000e+02 -1.000000000000000000e+00 4.000000000000000000e+02 5.140000000000000000e+02 9.020000000000000000e+02 9.900000000000000000e+02 1.261000000000000000e+03 9.470000000000000000e+02 4.180000000000000000e+02 6.350000000000000000e+02 6.360000000000000000e+02
5.810000000000000000e+02 5.980000000000000000e+02 3.900000000000000000e+02 2.650000000000000000e+02 4.000000000000000000e+02 -1.000000000000000000e+00 1.680000000000000000e+02 5.220000000000000000e+02 6.340000000000000000e+02 9.100000000000000000e+02 5.930000000000000000e+02 1.900000000000000000e+01 2.840000000000000000e+02 2.390000000000000000e+02
4.550000000000000000e+02 5.070000000000000000e+02 4.370000000000000000e+02 4.100000000000000000e+02 5.140000000000000000e+02 1.680000000000000000e+02 -1.000000000000000000e+00 3.890000000000000000e+02 4.820000000000000000e+02 7.570000000000000000e+02 4.390000000000000000e+02 1.630000000000000000e+02 1.240000000000000000e+02 2.320000000000000000e+02
7.000000000000000000e+01 1.970000000000000000e+02 4.910000000000000000e+02 6.640000000000000000e+02 9.020000000000000000e+02 5.220000000000000000e+02 3.890000000000000000e+02 -1.000000000000000000e+00 1.540000000000000000e+02 4.060000000000000000e+02 1.330000000000000000e+02 5.080000000000000000e+02 2.730000000000000000e+02 3.550000000000000000e+02
1.600000000000000000e+02 3.110000000000000000e+02 6.450000000000000000e+02 8.040000000000000000e+02 9.900000000000000000e+02 6.340000000000000000e+02 4.820000000000000000e+02 1.540000000000000000e+02 -1.000000000000000000e+00 2.760000000000000000e+02 4.300000000000000000e+01 6.230000000000000000e+02 3.580000000000000000e+02 4.980000000000000000e+02
3.720000000000000000e+02 4.790000000000000000e+02 8.800000000000000000e+02 1.070000000000000000e+03 1.261000000000000000e+03 9.100000000000000000e+02 7.570000000000000000e+02 4.060000000000000000e+02 2.760000000000000000e+02 -1.000000000000000000e+00 3.180000000000000000e+02 8.980000000000000000e+02 6.330000000000000000e+02 7.610000000000000000e+02
1.570000000000000000e+02 3.100000000000000000e+02 6.180000000000000000e+02 7.680000000000000000e+02 9.470000000000000000e+02 5.930000000000000000e+02 4.390000000000000000e+02 1.330000000000000000e+02 4.300000000000000000e+01 3.180000000000000000e+02 -1.000000000000000000e+00 5.820000000000000000e+02 3.150000000000000000e+02 4.640000000000000000e+02
5.670000000000000000e+02 5.810000000000000000e+02 3.740000000000000000e+02 2.590000000000000000e+02 4.180000000000000000e+02 1.900000000000000000e+01 1.630000000000000000e+02 5.080000000000000000e+02 6.230000000000000000e+02 8.980000000000000000e+02 5.820000000000000000e+02 -1.000000000000000000e+00 2.750000000000000000e+02 2.210000000000000000e+02
3.420000000000000000e+02 4.170000000000000000e+02 4.550000000000000000e+02 4.990000000000000000e+02 6.350000000000000000e+02 2.840000000000000000e+02 1.240000000000000000e+02 2.730000000000000000e+02 3.580000000000000000e+02 6.330000000000000000e+02 3.150000000000000000e+02 2.750000000000000000e+02 -1.000000000000000000e+00 2.470000000000000000e+02
3.980000000000000000e+02 3.760000000000000000e+02 2.110000000000000000e+02 3.100000000000000000e+02 6.360000000000000000e+02 2.390000000000000000e+02 2.320000000000000000e+02 3.550000000000000000e+02 4.980000000000000000e+02 7.610000000000000000e+02 4.640000000000000000e+02 2.210000000000000000e+02 2.470000000000000000e+02 -1.000000000000000000e+00
